*---><---><--------><------------------------------------------------>
    0    0           H1 200 MeV/A, C 10 cm cylinder, r=1, 1 zone
*---><---><--------><--------><--------><--------><--------><-------->
  SPH    1       0.0       0.0       0.0     500.0       0.0       0.0
  SPH    2       0.0       0.0       0.0    1000.0       0.0       0.0
  RCC    3       0.0       0.0       0.0       0.0       0.0      10.0
                10.0
  END
  001          +1
  002          +2     -1
  003          +3     -2      
  END
    1    2    3
 1000    0    1

